0.0	2.63127478141e-312
5.0e-5	2.0
0.0001	2.0
0.00015000000000000001	2.0
0.0002	2.0
0.00025	2.0
0.00030000000000000003	2.0
0.00035000000000000005	2.0
0.0004000000000000001	2.0
0.0004500000000000001	2.0
0.0005000000000000001	2.0
0.0005500000000000001	2.0
0.0006000000000000002	2.0
0.0006500000000000002	2.0
0.0007000000000000002	2.0
0.0007500000000000002	2.0
0.0008000000000000003	2.0
0.0008500000000000003	2.0
0.0009000000000000003	2.0
0.0009500000000000003	2.0
0.0010000000000000002	2.0
0.0010500000000000002	2.0
0.0011	2.0
0.00115	2.0
0.0012	2.0
0.0012499999999999998	2.0
0.0012999999999999997	2.0
0.0013499999999999996	2.0
0.0013999999999999996	2.0
0.0014499999999999995	2.0
0.0014999999999999994	2.0
0.0015499999999999993	2.0
0.0015999999999999992	2.0
0.0016499999999999991	2.0
0.001699999999999999	2.0
0.001749999999999999	2.0
0.0017999999999999989	2.0
0.0018499999999999988	2.0
0.0018999999999999987	2.0
0.0019499999999999986	2.0
0.0019999999999999987	2.0
0.002049999999999999	2.0
0.002099999999999999	2.0
0.002149999999999999	2.0
0.0021999999999999993	2.0
0.0022499999999999994	2.0
0.0022999999999999995	2.0
0.0023499999999999997	2.0
0.0024	2.0
0.00245	2.0
0.0025	2.0
0.00255	2.0
0.0026000000000000003	2.0
0.0026500000000000004	2.0
0.0027000000000000006	2.0
0.0027500000000000007	3.0
0.002800000000000001	3.0
0.002850000000000001	3.0
0.002900000000000001	3.0
0.0029500000000000012	3.0
0.0030000000000000014	3.0
0.0030500000000000015	3.0
0.0031000000000000016	3.0
0.0031500000000000018	3.0
0.003200000000000002	3.0
0.003250000000000002	3.0
0.003300000000000002	3.0
0.0033500000000000023	3.0
0.0034000000000000024	3.0
0.0034500000000000025	3.0
0.0035000000000000027	3.0
0.003550000000000003	3.0
0.003600000000000003	3.0
0.003650000000000003	3.0
0.003700000000000003	3.0
0.0037500000000000033	3.0
0.0038000000000000035	3.0
0.0038500000000000036	3.0
0.0039000000000000037	3.0
0.003950000000000004	3.0
0.0040000000000000036	3.0
0.004050000000000003	3.0
0.004100000000000003	3.0
0.004150000000000003	3.0
0.004200000000000002	3.0
0.004250000000000002	3.0
0.004300000000000002	3.0
0.0043500000000000014	3.0
0.004400000000000001	3.0
0.004450000000000001	3.0
0.0045000000000000005	3.0
0.00455	3.0
0.0046	3.0
0.00465	3.0
0.004699999999999999	3.0
0.004749999999999999	3.0
0.004799999999999999	3.0
0.004849999999999998	3.0
0.004899999999999998	3.0
0.004949999999999998	3.0
0.0049999999999999975	3.0
0.005049999999999997	3.0
0.005099999999999997	3.0
0.005149999999999997	3.0
0.005199999999999996	3.0
0.005249999999999996	3.0
0.005299999999999996	3.0
0.005349999999999995	3.0
0.005399999999999995	3.0
0.005449999999999995	3.0
0.0054999999999999945	3.0
0.005549999999999994	3.0
0.005599999999999994	3.0
0.005649999999999994	3.0
0.005699999999999993	3.0
0.005749999999999993	3.0
0.005799999999999993	3.0
0.005849999999999992	3.0
0.005899999999999992	3.0
0.005949999999999992	3.0
0.0059999999999999915	3.0
0.006049999999999991	3.0
0.006099999999999991	3.0
0.0061499999999999905	3.0
0.00619999999999999	3.0
0.00624999999999999	3.0
0.00629999999999999	3.0
0.006349999999999989	3.0
0.006399999999999989	3.0
0.006449999999999989	3.0
0.006499999999999988	3.0
0.006549999999999988	3.0
0.006599999999999988	4.0
0.0066499999999999875	4.0
0.006699999999999987	4.0
0.006749999999999987	4.0
0.006799999999999987	4.0
0.006849999999999986	4.0
0.006899999999999986	4.0
0.006949999999999986	4.0
0.006999999999999985	4.0
0.007049999999999985	4.0
0.007099999999999985	4.0
0.0071499999999999845	4.0
0.007199999999999984	4.0
0.007249999999999984	4.0
0.007299999999999984	4.0
0.007349999999999983	4.0
0.007399999999999983	4.0
0.007449999999999983	4.0
0.007499999999999982	4.0
0.007549999999999982	4.0
0.007599999999999982	5.0
0.0076499999999999815	5.0
0.007699999999999981	5.0
0.007749999999999981	5.0
0.0077999999999999806	5.0
0.00784999999999998	5.0
0.00789999999999998	5.0
0.00794999999999998	6.0
0.00799999999999998	6.0
0.008049999999999979	6.0
0.008099999999999979	6.0
0.008149999999999978	6.0
0.008199999999999978	7.0
0.008249999999999978	7.0
0.008299999999999978	8.0
0.008349999999999977	8.0
0.008399999999999977	9.0
0.008449999999999977	10.0
0.008499999999999976	12.0
0.008549999999999976	14.0
0.008599999999999976	18.0
0.008649999999999975	24.0
0.008699999999999975	31.0
0.008749999999999975	22.0
0.008799999999999975	16.0
0.008849999999999974	13.0
0.008899999999999974	11.0
0.008949999999999974	10.0
0.008999999999999973	9.0
0.009049999999999973	9.0
0.009099999999999973	9.0
0.009149999999999972	9.0
0.009199999999999972	9.0
0.009249999999999972	9.0
0.009299999999999971	9.0
0.009349999999999971	9.0
0.009399999999999971	9.0
0.00944999999999997	9.0
0.00949999999999997	9.0
0.00954999999999997	9.0
0.00959999999999997	9.0
0.00964999999999997	10.0
0.009699999999999969	10.0
0.009749999999999969	12.0
0.009799999999999968	12.0
0.009849999999999968	14.0
0.009899999999999968	14.0
0.009949999999999968	15.0
0.009999999999999967	29.0
0.010009999999999967	11.0
0.010019999999999966	9.0
0.010029999999999966	9.0
0.010039999999999966	9.0
0.010049999999999965	9.0
0.010059999999999965	8.0
0.010069999999999964	8.0
0.010079999999999964	7.0
0.010089999999999964	5.0
0.010099999999999963	5.0
0.010109999999999963	6.0
0.010119999999999962	9.0
0.010129999999999962	36.0
0.010139999999999962	90.0
0.010149999999999961	9.0
0.01015999999999996	14.0
0.01016999999999996	23.0
0.01017999999999996	11.0
0.01018999999999996	8.0
0.010199999999999959	13.0
0.010209999999999959	33.0
0.010219999999999958	9.0
0.010229999999999958	8.0
0.010239999999999957	9.0
0.010249999999999957	178.0
0.010259999999999957	4.0
0.010269999999999956	3.0
0.010279999999999956	4.0
0.010289999999999955	4.0
0.010299999999999955	4.0
0.010309999999999955	7.0
0.010319999999999954	137.0
0.010329999999999954	4.0
0.010339999999999953	4.0
0.010349999999999953	4.0
0.010359999999999953	5.0
0.010369999999999952	7.0
0.010379999999999952	89.0
0.010389999999999951	5.0
0.010399999999999951	8.0
0.01040999999999995	13.0
0.01041999999999995	7.0
0.01042999999999995	5.0
0.01043999999999995	4.0
0.010449999999999949	5.0
0.010459999999999949	5.0
0.010469999999999948	6.0
0.010479999999999948	35.0
0.010489999999999947	150.0
0.010499999999999947	3.0
0.010509999999999946	2.0
0.010519999999999946	2.0
0.010529999999999946	2.0
0.010539999999999945	2.0
0.010549999999999945	2.0
0.010559999999999944	2.0
0.010569999999999944	2.0
0.010579999999999944	2.0
0.010589999999999943	2.0
0.010599999999999943	2.0
0.010609999999999942	2.0
0.010619999999999942	2.0
0.010629999999999942	2.0
0.010639999999999941	2.0
0.01064999999999994	2.0
0.01065999999999994	2.0
0.01066999999999994	2.0
0.01067999999999994	1.0
0.01068999999999994	2.0
0.010699999999999939	2.0
0.010709999999999938	2.0
0.010719999999999938	2.0
0.010729999999999938	2.0
0.010739999999999937	2.0
0.010749999999999937	2.0
0.010759999999999936	2.0
0.010769999999999936	2.0
0.010779999999999935	2.0
0.010789999999999935	2.0
0.010799999999999935	3.0
0.010809999999999934	3.0
0.010819999999999934	3.0
0.010829999999999933	209.0
0.010839999999999933	4.0
0.010849999999999933	4.0
0.010859999999999932	3.0
0.010869999999999932	3.0
0.010879999999999931	3.0
0.010889999999999931	3.0
0.01089999999999993	3.0
0.01090999999999993	186.0
0.01091999999999993	2.0
0.01092999999999993	2.0
0.010939999999999929	2.0
0.010949999999999929	2.0
0.010959999999999928	2.0
0.010969999999999928	2.0
0.010979999999999927	2.0
0.010989999999999927	2.0
0.010999999999999927	2.0
0.011009999999999926	2.0
0.011019999999999926	2.0
0.011029999999999925	2.0
0.011039999999999925	3.0
0.011049999999999924	4.0
0.011059999999999924	7.0
0.011069999999999924	84.0
0.011079999999999923	5.0
0.011089999999999923	5.0
0.011099999999999922	5.0
0.011109999999999922	19.0
0.011119999999999922	7.0
0.011129999999999921	4.0
0.01113999999999992	4.0
0.01114999999999992	26.0
0.01115999999999992	3.0
0.01116999999999992	3.0
0.01117999999999992	2.0
0.011189999999999919	2.0
0.011199999999999918	3.0
0.011209999999999918	2.0
0.011219999999999918	2.0
0.011229999999999917	2.0
0.011239999999999917	2.0
0.011249999999999916	2.0
0.011259999999999916	2.0
0.011269999999999916	2.0
0.011279999999999915	3.0
0.011289999999999915	2.0
0.011299999999999914	2.0
0.011309999999999914	2.0
0.011319999999999913	3.0
0.011329999999999913	2.0
0.011339999999999913	3.0
0.011349999999999912	104.0
0.011359999999999912	2.0
0.011369999999999911	2.0
0.011379999999999911	2.0
0.01138999999999991	1.0
0.01139999999999991	2.0
0.01140999999999991	1.0
0.01141999999999991	1.0
0.011429999999999909	1.0
0.011439999999999909	2.0
0.011449999999999908	1.0
0.011459999999999908	1.0
0.011469999999999907	2.0
0.011479999999999907	1.0
0.011489999999999907	1.0
0.011499999999999906	1.0
0.011509999999999906	2.0
0.011519999999999905	1.0
0.011529999999999905	1.0
0.011539999999999905	2.0
0.011549999999999904	1.0
0.011559999999999904	2.0
0.011569999999999903	1.0
0.011579999999999903	2.0
0.011589999999999902	1.0
0.011599999999999902	2.0
0.011609999999999902	2.0
0.011619999999999901	2.0
0.0116299999999999	2.0
0.0116399999999999	3.0
0.0116499999999999	182.0
0.0116599999999999	3.0
0.0116699999999999	4.0
0.011679999999999899	4.0
0.011689999999999898	3.0
0.011699999999999898	3.0
0.011709999999999898	3.0
0.011719999999999897	2.0
0.011729999999999897	2.0
0.011739999999999896	2.0
0.011749999999999896	2.0
0.011759999999999896	1.0
0.011769999999999895	2.0
0.011779999999999895	1.0
0.011789999999999894	1.0
0.011799999999999894	1.0
0.011809999999999893	1.0
0.011819999999999893	2.0
0.011829999999999893	1.0
0.011839999999999892	1.0
0.011849999999999892	1.0
0.011859999999999891	1.0
0.011869999999999891	2.0
0.01187999999999989	1.0
0.01188999999999989	1.0
0.01189999999999989	2.0
0.01190999999999989	1.0
0.011919999999999889	2.0
0.011929999999999889	2.0
0.011939999999999888	2.0
0.011949999999999888	3.0
0.011959999999999887	120.0
0.011969999999999887	2.0
0.011979999999999887	2.0
0.011989999999999886	2.0
0.011999999999999886	2.0
0.012009999999999885	2.0
0.012019999999999885	2.0
0.012029999999999885	2.0
0.012039999999999884	3.0
0.012049999999999884	2.0
0.012059999999999883	3.0
0.012069999999999883	2.0
0.012079999999999882	3.0
0.012089999999999882	3.0
0.012099999999999882	29.0
0.012109999999999881	9.0
0.012119999999999881	3.0
0.01212999999999988	3.0
0.01213999999999988	3.0
0.01214999999999988	2.0
0.01215999999999988	2.0
0.012169999999999879	3.0
0.012179999999999878	4.0
0.012189999999999878	21.0
0.012199999999999878	4.0
0.012209999999999877	5.0
0.012219999999999877	40.0
0.012229999999999876	3.0
0.012239999999999876	4.0
0.012249999999999876	5.0
0.012259999999999875	5.0
0.012269999999999875	3.0
0.012279999999999874	3.0
0.012289999999999874	3.0
0.012299999999999874	3.0
0.012309999999999873	6.0
0.012319999999999873	5.0
0.012329999999999872	4.0
0.012339999999999872	3.0
0.012349999999999871	4.0
0.012359999999999871	8.0
0.01236999999999987	5.0
0.01237999999999987	4.0
0.01238999999999987	5.0
0.01239999999999987	9.0
0.012409999999999869	5.0
0.012419999999999869	4.0
0.012429999999999868	6.0
0.012439999999999868	6.0
0.012449999999999867	3.0
0.012459999999999867	3.0
0.012469999999999867	3.0
0.012479999999999866	2.0
0.012489999999999866	2.0
0.012499999999999865	3.0
0.012509999999999865	3.0
0.012519999999999865	3.0
0.012529999999999864	3.0
0.012539999999999864	3.0
0.012549999999999863	3.0
0.012559999999999863	3.0
0.012569999999999863	38.0
0.012579999999999862	3.0
0.012589999999999862	2.0
0.012599999999999861	2.0
0.012609999999999861	2.0
0.01261999999999986	2.0
0.01262999999999986	1.0
0.01263999999999986	2.0
0.01264999999999986	1.0
0.012659999999999859	2.0
0.012669999999999858	1.0
0.012679999999999858	2.0
0.012689999999999858	2.0
0.012699999999999857	1.0
0.012709999999999857	2.0
0.012719999999999856	2.0
0.012729999999999856	1.0
0.012739999999999856	2.0
0.012749999999999855	1.0
0.012759999999999855	2.0
0.012769999999999854	2.0
0.012779999999999854	2.0
0.012789999999999854	2.0
0.012799999999999853	2.0
0.012809999999999853	34.0
0.012819999999999852	2.0
0.012829999999999852	2.0
0.012839999999999852	2.0
0.012849999999999851	2.0
0.01285999999999985	1.0
0.01286999999999985	2.0
0.01287999999999985	2.0
0.01288999999999985	2.0
0.012899999999999849	2.0
0.012909999999999849	33.0
0.012919999999999848	2.0
0.012929999999999848	1.0
0.012939999999999847	1.0
0.012949999999999847	2.0
0.012959999999999847	1.0
0.012969999999999846	1.0
0.012979999999999846	2.0
0.012989999999999845	1.0
0.012999999999999845	2.0
0.013009999999999845	2.0
0.013019999999999844	2.0
0.013029999999999844	2.0
0.013039999999999843	2.0
0.013049999999999843	2.0
0.013059999999999843	3.0
0.013069999999999842	3.0
0.013079999999999842	4.0
0.013089999999999841	38.0
0.013099999999999841	3.0
0.01310999999999984	2.0
0.01311999999999984	3.0
0.01312999999999984	4.0
0.01313999999999984	9.0
0.013149999999999839	12.0
0.013159999999999838	7.0
0.013169999999999838	6.0
0.013179999999999838	14.0
0.013189999999999837	2.0
0.013199999999999837	2.0
0.013209999999999836	2.0
0.013219999999999836	1.0
0.013229999999999836	2.0
0.013239999999999835	1.0
0.013249999999999835	1.0
0.013259999999999834	1.0
0.013269999999999834	2.0
0.013279999999999834	1.0
0.013289999999999833	1.0
0.013299999999999833	2.0
0.013309999999999832	2.0
0.013319999999999832	23.0
0.013329999999999832	2.0
0.013339999999999831	1.0
0.01334999999999983	1.0
0.01335999999999983	1.0
0.01336999999999983	1.0
0.01337999999999983	1.0
0.013389999999999829	1.0
0.013399999999999829	1.0
0.013409999999999828	1.0
0.013419999999999828	1.0
0.013429999999999827	1.0
0.013439999999999827	2.0
0.013449999999999827	2.0
0.013459999999999826	16.0
0.013469999999999826	2.0
0.013479999999999825	2.0
0.013489999999999825	2.0
0.013499999999999825	2.0
0.013509999999999824	2.0
0.013519999999999824	1.0
0.013529999999999823	2.0
0.013539999999999823	2.0
0.013549999999999823	1.0
0.013559999999999822	2.0
0.013569999999999822	1.0
0.013579999999999821	2.0
0.013589999999999821	1.0
0.01359999999999982	1.0
0.01360999999999982	2.0
0.01361999999999982	1.0
0.01362999999999982	1.0
0.013639999999999819	1.0
0.013649999999999819	2.0
0.013659999999999818	1.0
0.013669999999999818	1.0
0.013679999999999817	1.0
0.013689999999999817	2.0
0.013699999999999816	1.0
0.013709999999999816	2.0
0.013719999999999816	1.0
0.013729999999999815	2.0
0.013739999999999815	2.0
0.013749999999999814	1.0
0.013759999999999814	2.0
0.013769999999999814	2.0
0.013779999999999813	1.0
0.013789999999999813	2.0
0.013799999999999812	1.0
0.013809999999999812	2.0
0.013819999999999812	1.0
0.013829999999999811	2.0
0.01383999999999981	1.0
0.01384999999999981	2.0
0.01385999999999981	1.0
0.01386999999999981	2.0
0.01387999999999981	2.0
0.013889999999999809	2.0
0.013899999999999808	121.0
0.013909999999999808	1.0
0.013919999999999808	2.0
0.013929999999999807	1.0
0.013939999999999807	1.0
0.013949999999999806	1.0
0.013959999999999806	1.0
0.013969999999999805	1.0
0.013979999999999805	1.0
0.013989999999999805	1.0
0.013999999999999804	1.0
0.014009999999999804	1.0
0.014019999999999803	1.0
0.014029999999999803	1.0
0.014039999999999803	1.0
0.014049999999999802	1.0
0.014059999999999802	1.0
0.014069999999999801	1.0
0.014079999999999801	1.0
0.0140899999999998	1.0
0.0140999999999998	1.0
0.0141099999999998	2.0
0.0141199999999998	1.0
0.014129999999999799	2.0
0.014139999999999799	1.0
0.014149999999999798	2.0
0.014159999999999798	2.0
0.014169999999999797	2.0
0.014179999999999797	2.0
0.014189999999999797	3.0
0.014199999999999796	2.0
0.014209999999999796	2.0
0.014219999999999795	2.0
0.014229999999999795	2.0
0.014239999999999794	2.0
0.014249999999999794	2.0
0.014259999999999794	2.0
0.014269999999999793	2.0
0.014279999999999793	2.0
0.014289999999999792	2.0
0.014299999999999792	2.0
0.014309999999999792	2.0
0.014319999999999791	52.0
0.01432999999999979	2.0
0.01433999999999979	1.0
0.01434999999999979	2.0
0.01435999999999979	1.0
0.01436999999999979	1.0
0.014379999999999789	2.0
0.014389999999999788	1.0
0.014399999999999788	1.0
0.014409999999999788	1.0
0.014419999999999787	1.0
0.014429999999999787	1.0
0.014439999999999786	1.0
0.014449999999999786	1.0
0.014459999999999786	1.0
0.014469999999999785	1.0
0.014479999999999785	1.0
0.014489999999999784	1.0
0.014499999999999784	1.0
0.014509999999999783	2.0
0.014519999999999783	2.0
0.014529999999999783	2.0
0.014539999999999782	18.0
0.014549999999999782	3.0
0.014559999999999781	2.0
0.014569999999999781	2.0
0.01457999999999978	3.0
0.01458999999999978	2.0
0.01459999999999978	3.0
0.01460999999999978	3.0
0.014619999999999779	3.0
0.014629999999999779	3.0
0.014639999999999778	3.0
0.014649999999999778	3.0
0.014659999999999777	2.0
0.014669999999999777	2.0
0.014679999999999777	2.0
0.014689999999999776	2.0
0.014699999999999776	1.0
0.014709999999999775	2.0
0.014719999999999775	1.0
0.014729999999999775	2.0
0.014739999999999774	1.0
0.014749999999999774	2.0
0.014759999999999773	2.0
0.014769999999999773	2.0
0.014779999999999772	2.0
0.014789999999999772	2.0
0.014799999999999772	2.0
0.014809999999999771	3.0
0.01481999999999977	30.0
0.01482999999999977	3.0
0.01483999999999977	4.0
0.01484999999999977	41.0
0.01485999999999977	2.0
0.014869999999999769	2.0
0.014879999999999768	2.0
0.014889999999999768	2.0
0.014899999999999768	2.0
0.014909999999999767	2.0
0.014919999999999767	1000.0
0.014929999999999766	1000.0
0.014939999999999766	1000.0
0.014949999999999766	1000.0
0.014959999999999765	1000.0
0.014969999999999765	1000.0
0.014979999999999764	1000.0
0.014989999999999764	1000.0
0.014999999999999764	1000.0
