3
39
40
43
44
45
47
48
49
50
52
53
54
55
56
57
61
62
63
66
68
69
70
71
73
74
75
76
78
79
80
81
82
86
87
88
89
90
91
92
93
184
185
186
222
223
224
225
226
229
230
231
232
233
235
236
237
239
240
242
244
245
246
249
250
251
252
253
255
256
257
260
263
264
265
355
356
1504
1505
2664
2665
2855
2891
2926
3046
3143
3189
3232
3281
3283
3388
3503
3504
3547
3548
3639
3684
3748
3807
3852
3896
3944
3945
3977
4064
4067
4151
4187
4229
4263
4299
4302
4340
5663
5667
5668
5669
5670
5671
5673
5674
5675
5680
5681
5682
5683
5684
5685
5686
5694
5695
5696
5697
5698
5699
5700
5704
5706
5707
5708
5709
5710
5711
5712
5714
5715
5716
5717
5718
5725
5726
5727
5728
5729
5730
5731
5732
5733
5734
5735
5736
5737
5738
5745
5746
5747
5748
5749
5750
5751
5752
5753
5754
5755
5761
5764
5765
5766
5767
5768
5774
5775
5777
5778
5779
5781
5782
5783
5784
5785
5786
5787
5788
5790
5795
5799
5800
5801
5802
5803
5804
5805
5806
5807
5808
5809
5810
5811
5812
5813
5814
5815
5983
5984
5986
5989
5990
5991
5993
5994
5995
5996
5997
5998
5999
6000
6001
6002
6003
6006
6007
6008
6010
6011
6013
6014
6015
6016
6017
6018
6019
6020
6021
6025
6026
6028
6029
6032
6033
6035
6036
6037
6038
6044
6045
6046
6049
6054
6055
6056
6057
6058
6064
6066
6067
6068
6070
6071
6072
6073
6074
6077
6078
6079
6080
6082
6084
6085
6087
6091
6092
6093
6095
6096
6098
6099
6101
6104
6105
6106
6107
6109
6110
6111
6119
6120
6124
6127
6128
6129
6130
6132
6137
6138
6139
6140
6141
6142
6143
6145
6146
6148
6150
6151
6157
6158
6159
6160
6161
6163
6164
6165
6166
6173
6175
6176
6177
6178
6179
6180
6185
6188
6189
6190
6192
6193
6194
6195
6199
6202
6203
6204
6205
6206
6207
6209
6210
6211
6214
6215
6216
6218
6219
6220
6222
6223
6224
6225
6227
6228
6230
6231
6232
6233
6240
6241
6242
6243
6247
6249
6250
6253
6255
6256
6258
6262
6263
6264
6266
6267
6268
6273
6278
6280
6282
6284
6287
6289
6292
6293
6298
6299
6302
6303
6308
6309
6312
6313
6315
6319
6322
6326
6327
6329
6334
6341
6344
6346
6348
6351
6352
6355
6357
6358
6359
6360
6361
6364
6366
6369
6371
6372
6376
6380
6383
6384
6387
6388
6391
6392
6394
6395
6396
6398
6399
6400
6401
6402
6403
6404
6405
6407
6410
6411
6412
6417
6419
6425
6426
6428
6433
6434
6437
6440
6442
6445
6451
6453
6459
6460
6463
6466
6470
6474
6475
6479
6481
6485
6488
6491
6493
6501
6507
6538
6577
6581
6631
6648
6655
6662
6676
6677
6678
6686
6687
6738
6743
6877
6880
6889
