     1,     5,     6,    15,    16,   240,   241,   242,   243,   244,   245,   246,   247,   248,   249,   250
   251,   252,   253,   254,   255,   256,   257,   258,   259,   260,   261,   262,   263,   264,   265,   266
   267,   268,   269,   270,   271,   272,   273,   274,   275,   276,   277,   278,   279,   280,   281,   282
   283,   284,   285,   286,   287,   288,   289,   290,   291,   292,   293,   294,   295,   296,   297,   298
   299,   300,   301,   302,   303,   304,   305,   306,   307,   308,   309,   310,   311,   312,   313,   314
   315,   316,   317,   318,   319,   320,   321,   322,   323,   324,   325,   326,   327,   328,   329,   330
   331,   332,   333,   334,   335,   336,   337,   338,   339,   340,   341,   342,   343,   344,   345,   346
   347,   348,   349,   350,   351,   352,   353,   354,   355,   356,   357,   358,   359,   360,   361,   362
   363,   364,   365,   366,   367,   368,   369,   370,   371,   372,   373,   374,   375,   376,   377,   378
   379,   380,   381,   382,   383,   384,   385,   386,   387,   388,   389,   390,   391,   392,   393,   394
   395,   396,   397,   734,   735,   736,   737,   738,   739,   740,   741,   742,   743,   744,   745,   746
   747,   748,   749,   750,   751,   752,   753,   754,   755,   756,   757,   758,   759,   760,   761,   762
   763,   764,   765,   766,   767,   768,   769,   770,   771,   772,   773,   774,   775,   776,   777,   778
   779,   780,   781,   782,   783,   784,   785,   786,   787,   788,   789,   790,   791,   792,   793,   794
   795,   796,   797,   798,   799, 26330, 26334, 26338, 26342, 26346, 26350, 26354, 26358, 26362, 26366, 26378
 26432, 26444, 26450, 26451, 26457, 26458, 26465, 27957, 27959, 27960, 27962, 27965, 27967, 27969, 27972, 27977
 27978, 27984, 27988, 27992, 27996, 28000, 28004, 28007, 28011, 28014, 28018, 28024, 28027, 30842, 30845, 30856
 30858, 30861, 30865, 30868, 30869, 30872, 30875, 30877, 30878, 30882, 30885, 30886, 30889, 30892, 30893, 30896
 30899, 30900, 30903, 30904, 30907, 30909, 30912, 30914, 30917, 30919, 30922, 30924, 30927, 30929, 30931, 30933
 30935, 30937, 30939, 30941, 30943, 30944, 30945, 30946, 30947, 30948, 30950, 31090, 31242, 36521, 39141, 39164
 39258, 39979, 39986, 39990, 40096, 40102, 40134, 40174, 40869, 40871, 40874, 40878, 40882, 40885, 40890, 40892
 40896, 40899, 40904, 40907, 40909, 40913, 40916, 40921, 40923, 40926, 40930, 40933, 40935, 40939, 40941, 40945
 40948, 40952, 40954, 40958, 40997, 41000, 41043, 50644, 50649, 50651, 50655, 50657, 50662, 50663, 50666, 50668
 50672, 50674, 50676, 50677, 50681, 50684, 50685, 50688, 50689, 51067, 51071, 51073, 51078, 51079, 51081, 51084
 51087, 51088, 51094, 51096, 59014, 59237, 59241, 59273, 59277, 59281, 59316, 59320, 59324, 59351, 59352, 59457
 59921, 59925, 59929, 59933, 59937, 59940, 59942, 59944, 59947, 59951, 59955, 59959, 59963, 59967, 59971, 59974
 59977, 59979, 59981, 59984, 59988, 59992, 59996, 60000, 60004, 60008, 60011, 60013, 60016, 60083, 60116, 61179
 61336, 61341, 61345, 61348, 61350, 61351, 61352, 61353, 61357, 61358, 61360, 61362, 61364, 61366, 61367, 61368
 61372, 61374, 61378, 61382, 61384, 61385, 61386, 61387, 61387, 61387, 61387, 61387, 61387, 61387, 61387, 61387