    24,    25,    26,    27,  1383,  1384,  1385,  1386,  1387,  1388,  1389,  1390,  1391,  1392,  1393,  1394
  1395,  1396,  1397,  1398,  1399,  1400,  1401,  1402,  1403,  1404,  1405,  1406,  1407,  1408,  1409,  1410
  1411,  1412,  1413,  1414,  1415,  1416,  1417,  1418,  1419,  1420,  1421,  1422,  1423,  1424,  1425,  1426
  1427,  1428,  1429,  1430,  1431,  1451,  1452,  1453,  1454,  1455,  1456,  1457,  1458,  1459,  1460,  1461
  1462,  1463,  1464,  1465,  1466,  1467,  1468,  1479,  1480,  1481,  1482,  1483,  1484,  1485,  1486,  1487
  1488,  1489,  1490,  1491,  1492,  1493,  1494,  1495,  1496,  1497,  1498,  1499,  1500,  1501,  1502,  1503
  1504,  1505,  1506,  1507,  1508,  1509,  1510,  1511,  1512,  1513,  1514,  1515,  1516,  1517,  1518,  1519
  1520,  1521,  1522,  1523,  1524,  1525,  1526,  1527, 40364, 40365, 40366, 40367, 40368, 40369, 40370, 40371
 40372, 40373, 40374, 40375, 40376, 40377, 40378, 40379, 40380, 40381, 40382, 40383, 40384, 40385, 40386, 40387
 40388, 40389, 40390, 40391, 40392, 40393, 40394, 40395, 40396, 40397, 40398, 40399, 40400, 40401, 40402, 40403
 40404, 40405, 40406, 40407, 40408, 40409, 40410, 40411, 40412, 40413, 40414, 40415, 40416, 40417, 40418, 40419
 40420, 40421, 40422, 40423, 40424, 40425, 40426, 40427, 40428, 40429, 40430, 40431, 40432, 40433, 40434, 40435
 40436, 40437, 40438, 40439, 40440, 40441, 40442, 40443, 40444, 40445, 40446, 40447, 40448, 40449, 40450, 40451
 40452, 40453, 40454, 40455, 40456, 40457, 40458, 40459, 40460, 40461, 40462, 40463, 40464, 40465, 40466, 40467
 40468, 40469, 40470, 40471, 40472, 40473, 40474, 40475, 40476, 40477, 40478, 40479, 40480, 40481, 40482, 40483
 40484, 40485, 40486, 40487, 40488, 40489, 40490, 40491, 40492, 40493, 40494, 40495, 40496, 40497, 40498, 40499
 40500, 40501, 40502, 40503, 40504, 40505, 40506, 40507, 40508, 40509, 40510, 40511, 40512, 40513, 40514, 40515
 40516, 40517, 40518, 40519, 40520, 40521, 40522, 40523, 40524, 40525, 40526, 40527, 40528, 40529, 40530, 40531
 40532, 40533, 40534, 40535, 40536, 40537, 40538, 40539, 40540, 40541, 40542, 40543, 40544, 40545, 40546, 40547
 40548, 40549, 40550, 40551, 40552, 40553, 40554, 40555, 40556, 40557, 40558, 40559, 40560, 40561, 40562, 40563
 40564, 40565, 40566, 40567, 40568, 40569, 40570, 40571, 40572, 40573, 40574, 40575, 40576, 40577, 40578, 40579
 40580, 40581, 40582, 40583, 40584, 40585, 40586, 40587, 40588, 40589, 40590, 40591, 40592, 40593, 40594, 40595
 40596, 40597, 40598, 40599, 40600, 40601, 40602, 40603, 40604, 40605, 40606, 40607, 40608, 40609, 40610, 40611
 40612, 40613, 40614, 40615, 40616, 40617, 40618, 40619, 40620, 40621, 40622, 40623, 40624, 40625, 40626, 40627
 40628, 40629, 40630, 40631, 40632, 40633, 40634, 40635, 40636, 40637, 40638, 40639, 40640, 40641, 40642, 40643
 40644, 40645, 40646, 40647, 40648, 40649, 40650, 40651, 40652, 40653, 40654, 40655, 40656, 40657, 40658, 40659
 40660, 40661, 40662, 40663, 40664, 40665, 40666, 40667, 40668, 40669, 40670, 40671, 40672, 40673, 40674, 40675
 40676, 40677, 40678, 40679, 40680, 40681, 40682, 40683, 40684, 40685, 40686, 40687, 40688, 40689, 40690, 40691
 40692, 40693, 40694, 40695, 40696, 40697, 40698, 40699, 40700, 40701, 40702, 40703, 40704, 40705, 40706, 40707
 40708, 40709, 40710, 40711, 40712, 40713, 40714, 40715, 40716, 40717, 40718, 40719, 40720, 40721, 40722, 40723
 40724, 40725, 40726, 40727, 40728, 40729, 40730, 40731, 40732, 40733, 40734, 40735, 40736, 40737, 40738, 40739
 40740, 40741, 40742, 40743, 40744, 40745, 40746, 40747, 40748, 40749, 40750, 40751, 40752, 40753, 40754, 40755
 40756, 40757, 40758, 40759, 40760, 40761, 40762, 40763, 40764, 40765, 40766, 40767, 40768, 40769, 40770, 40771
 40772, 40773, 40774, 40775, 40776, 40777, 40778, 40779, 40780, 40781, 40782, 40783, 40784, 40785, 40786, 40787
 40788, 40789, 40790, 40791, 40792, 40793, 40794, 40795, 40796, 40797, 40798, 40799, 40800, 40801, 40802, 40803
 40804, 40804, 40804, 40804, 40804, 40804, 40804, 40804, 40804, 40804, 40804, 40804, 40804, 40804, 40804, 40804
