8.615539533575552e8
0.0
0.0
1.2466165319573991e9
0.0
7.149461285082484e8
1.1534611921102061e9
0.0
6.354378996733012e8
1.5251257204817567e9
3.422806654924089e8
1.8820810687872362e8
0.0
1.7798475011198178e8
-3.380503300964489e7
0.0
0.0
1.0587279849968011e9
1.433893129778984e9
0.0
1.1330592722084968e9
1.3709678739691753e9
0.0
8.583821368232671e8
9.000987285092674e8
0.0
0.0
3.44107210780005e8
0.0
7.797328561334068e7
0.0
8.286424611679894e8
9.583288177011645e8
1.191478544561744e9
2.8626403327887255e8
0.0
0.0
5.2111118911629117e8
6.082081122001715e8
9.770425197333306e8
1.0337072716799914e9
0.0
7.572971992974784e8
1.2866690372241098e8
1.129677615338565e9
1.193941826949724e9
0.0
0.0
0.0
1.3447883024304125e9
1.0193044570211138e9
1.3026612859591203e9
0.0
0.0
1.1350576369039993e9
8.278241081692066e8
1.0617521722428284e9
5.9929562412755474e7
4.567605157467866e8
0.0
0.0
0.0
6.715150338243357e8
4.568449850732496e8
4.939125347239041e7
1.5222663843070354e9
1.3468320059375436e9
1.1738078294193943e9
0.0
7.773339245357285e8
8.85234885873137e8
8.498977968588405e8
1.0257200234862717e9
9.41625645358184e8
0.0
0.0
1.4600649179600728e9
1.550048533081758e9
0.0
7.958512576409799e7
2.936445246023463e8
0.0
7.828153824908487e7
2.1734724256985345e8
0.0
1.1179241361142032e9
7.465421841051757e8
7.424880861397427e8
1.333586895608571e9
0.0
0.0
0.0
0.0
9.166930347327605e8
1.659051846673263e8
9.030538836968096e8
2.8645511456819147e8
1.808983658916481e8
3.9179040669153136e8
4.178733536305593e8
3.3407711102698976e8
4.208465406760037e8
3.720054686005771e8
3.899239267426813e8
1.642394288172423e8
2.395208205428611e8
0.0
9.571989795056776e8
1.360722887181735e9
6.9921897564334e8
0.0
0.0
3.2960509375555503e8
0.0
0.0
8.611300551363274e8
0.0
7.846812661491936e8
9.069012546499066e8
1.304856857270756e9
0.0
1.035277448346659e9
9.858488925740713e8
9.651853302140986e8
2.103447173751884e8
0.0
0.0
1.4842314357999082e9
0.0
0.0
0.0
0.0
1.2670257424835505e9
1.3240007894363964e9
3.3112872711866415e8
8.197877646107786e8
0.0
9.759262566343104e8
1.1594753452691224e9
8.72698463708488e8
3.614507825061721e8
