1.055852356e-315
8.2490194
3.4716401
3.3020979
3.4194349
3.351182601
3.321294401
3.4192747
3.3252748
3.3404849
3.432682901
3.3378781
3.3684563
3.429046301
3.376114499
3.348840999
3.408807701
3.374186799
3.3385282
3.406983401
3.3716661
3.3744489
3.4302605
3.3772248
3.393418299
3.403694199
3.346848499
3.361374501
3.396561999
3.377292
3.322956101
3.4162214
3.3557154
3.341466601
3.427002399
3.360595901
3.358797901
3.391213
3.375555399
3.3558123
3.396560699
3.3884771
3.335452501
3.4234892
3.3468949
3.359395499
3.422382699
3.3341637
3.3293314
3.3967045
3.346963201
3.370410901
3.386524399
3.3700608
3.3472608
5.0515967
5.0345568
5.022157201
5.078777799
5.040847099
5.031919901
5.030942001
5.0424812
5.0592363
5.0461633
5.0475688
5.0370088
5.040739199
5.0489544
5.015198299
5.032271801
5.0300298
5.028778101
5.0291243
5.0086139
5.0377422
5.071775099
5.045403101
5.023559
5.028453799
5.031009901
5.028371699
5.0160366
5.0061585
5.0112147
5.018863401
5.012988
5.031443099
5.0425245
5.018918001
5.0278926
5.035942301
5.024896999
5.0443656
5.0402698
5.0063598
5.0486401
5.052053901
5.0205563
5.0211438
5.0048005
5.014247501
5.0462339
5.043443199
5.0150893
5.01863
5.046169599
5.017470499
5.0443746
5.0077972
4.9954584
5.001328899
5.068776
5.010651
5.0194698
5.031680901
5.015855701
5.020007301
5.050081699
5.050886401
5.018190601
5.026621
5.0434216
5.0149363
5.015428801
5.0084935
5.0154852
5.0106023
5.0006757
5.018096701
5.021993999
5.015679601
6.723278201
6.7106055
6.662546999
6.724894699
6.716340101
6.629274099
6.7010685
6.722522799
6.6468264
6.7116805
6.7048157
6.6478027
6.726816801
6.7128674
6.678077999
6.7176267
6.699789499
6.635498099
6.7166503
6.705696599
8.375451599
8.353698999
8.4662961
8.3362755
8.3486201
8.395445499
8.311181699
10.060509801
10.0701438
10.053890799
10.0450789
10.076758599
11.747226199
11.6425509
13.464081199
13.3985757
15.0611234
18.038260701
20.1259861
23.390697699
30.157294301
40.240950999
51.829955601
36.8349844
26.7591653
21.8290934
18.408378299
16.766921899
15.114643701
15.069415599
15.0878035
15.1185637
15.0439998
15.055861701
15.089649399
15.076876499
15.083839001
15.116764499
15.0892475
15.120867699
15.050791401
16.758948
16.7660825
20.116405301
20.170685001
23.4227
23.5803027
25.1516635
48.7398088
18.4971102
15.1908336
15.1247403
15.1584868
15.134729101
13.466336
13.477942301
11.793576499
8.398402001
8.4063183
10.108807701
15.143715899
60.528876999
151.4033001
15.109842599
23.591079199
38.6971768
18.530385099
13.5283115
21.7922233
55.5328609
15.122382999
13.5259208
15.107015999
299.256760901
6.731428301
5.042857599
6.7598818
6.655053699
6.7256935
11.807588699
230.2007165
6.771309299
6.692401199
6.737826999
8.416361599
11.8299646
149.517058601
8.434338599
13.435074599
21.8417759
11.742483201
8.4405795
6.676335101
8.466777301
8.367018
10.063045599
58.789677401
252.1639903
5.037705799
3.4452963
3.3319693
3.3475187
3.398886899
3.3405783
3.3488084
3.4199352
3.3392167
3.3622199
3.3809695
3.357420699
3.3262136
3.3744325
3.3403489
3.316327099
3.4418886
3.334902399
1.7224201
3.327776401
3.337807799
3.408348301
3.343370699
3.3455768
3.3826011
3.357985199
3.3514328
3.398462301
3.344508799
3.3407143
5.0132334
5.0377728
5.033711201
351.3368012
6.7084944
6.7361646
5.040496801
5.033210401
5.041411299
5.0534255
5.065056001
312.628382999
3.3460738
3.408509499
3.344136199
3.332467
3.391761301
3.3443081
3.364754099
3.395678
3.3609869
3.328520401
3.4030236
3.3573033
5.0432065
6.7268372
11.7316982
141.2987856
8.457569699
8.391048899
8.350592799
32.054875101
11.8056022
6.686709901
6.7878319
43.7389237
5.051161599
5.042595901
3.428469301
3.3676637
5.021470701
3.3345005
3.389283999
3.371042199
3.3224509
3.393540401
3.3611386
3.3134273
5.026165199
3.425593999
3.3290033
3.353678799
5.0457676
3.4064737
5.0421489
174.865867801
3.321754199
3.413212201
3.332905899
1.708477399
3.331157101
1.689687499
1.6597359
1.6893643
3.3207646
1.6974381
1.686501399
3.3588612
1.6816795
1.644679501
1.702032099
3.331821101
1.705498501
1.696424901
3.3500498
1.7037235
3.332939501
1.704472
3.3348045
1.707853401
3.336641
3.3329199
3.3904093
3.3345006
5.0511099
306.497027401
5.0538833
6.778479201
6.7579432
5.0459367
5.0627833
5.0479441
3.357518601
3.326921199
3.4015894
3.3645419
1.683559399
3.3544851
1.696163101
1.6456694
1.716247701
1.705835801
3.3415261
1.706398
1.6328504
1.6916735
1.713310101
3.357438401
1.697068301
1.642443701
3.390856999
1.669042201
3.3983126
3.368139301
3.321763801
5.0384977
201.680540001
3.3814726
3.352564101
3.352848099
3.399206801
3.351534399
3.322423
3.4138602
5.0301272
3.3660278
5.0389246
3.356724699
5.0412129
5.038338999
48.7677106
15.178517
5.0422508
5.036457501
5.0428035
3.356580999
3.3329123
5.037391101
6.758403301
35.318292301
6.763063599
8.398732501
67.4848625
5.0484779
6.686118299
8.448473799
8.3760833
5.0345857
5.046999
5.061226999
5.088453299
10.132725601
8.390246199
6.7458782
5.058904899
6.7445216
13.406850901
8.402295399
6.7423622
8.3786543
15.166649901
8.4364214
6.701903699
10.0741141
10.1032369
5.071249799
5.046329599
5.022939301
3.3977697
3.353130799
5.059971199
5.045949001
5.042042799
5.026921001
5.0576362
5.0423441
5.035510699
63.946217801
5.065737599
3.4030288
3.344944
3.332335899
3.38648
1.6612256
3.3764845
1.649528499
3.3868232
1.642073201
3.415119999
3.359866901
1.693404301
3.330232
3.3279878
1.7098959
3.353087199
1.701134199
3.356643601
3.390997899
3.339090801
3.3425047
3.389786
57.160604601
3.4246923
3.351636001
3.343456201
3.392678099
1.6664639
3.3894006
3.371586201
3.327578299
3.4035769
55.5255547
3.354568699
1.6857877
1.665454101
3.385684
1.6449293
1.7131918
3.327522999
1.711544101
3.339832001
3.449473799
3.356642999
3.338731599
3.414698301
3.3433352
5.0349113
5.080634299
6.753138299
63.9382088
5.070937301
3.351987301
5.044524399
6.732904301
15.165563701
20.19789
11.803504901
10.079656401
23.507016099
3.349723
3.393546
3.3768819
1.6933452
3.3708324
1.7026939
1.6425384
1.7136815
3.336297999
1.7014639
1.714763801
3.366159001
3.334106101
38.7876553
3.376791899
1.691006301
1.642923699
1.7062611
1.693497901
1.638853199
1.703632599
1.7200716
1.642103999
1.695812501
1.6884248
3.3456865
3.3429918
26.9606077
3.3308018
3.409958701
3.351725101
3.348371301
3.3961307
1.640427699
3.3925532
3.341003399
1.700039601
3.335497899
1.6854982
3.360727199
1.684325599
1.6485384
3.402401301
1.6419093
1.7208719
1.689068401
3.351971901
1.704648199
1.6474367
1.708747199
3.356564899
1.6920102
3.3574707
1.6937034
3.340925901
3.3948275
1.6570823
3.397233699
3.347324399
1.693710801
3.3674371
1.690915599
3.356014199
1.709447799
3.344449399
1.7193964
3.3359371
1.699305201
3.347540499
3.353546801
3.3946748
203.492524
1.697166301
3.340062699
1.6968798
1.7046053
1.6471223
1.7143253
1.6821479
1.6335928
1.7252782
1.681583
1.6353908
1.707900201
1.7019116
1.643314501
1.7005926
1.718871
1.649605
1.7015177
1.6908962
1.652981099
3.3979784
1.671549801
3.4065618
1.649327601
3.409770101
3.381037701
3.3632252
3.421567601
5.0472661
3.345193
3.356219501
3.4026349
3.3484025
3.3648351
3.407904599
3.3788223
3.3284301
3.404910501
3.362407101
3.346550301
3.4199728
87.6028495
3.4111428
1.637741201
3.4181913
1.658533901
1.700292701
3.347264101
1.712576101
1.700834201
1.6440893
1.704253001
1.6968791
1.643013799
1.7211712
1.696004999
1.6431033
1.7011238
1.693924901
1.638496999
3.4071425
3.361917999
3.3749995
30.3267377
5.0447498
3.400389399
3.372609099
5.049867001
3.3355713
5.0605676
5.064294799
5.052322001
5.0355839
5.063000199
5.043882599
3.3903488
3.354259901
3.3395236
3.4134191
1.637410501
3.4019615
1.639047899
3.4156446
1.655827999
3.404246001
3.375514299
3.3475051
3.403181901
3.3969094
3.345368699
5.049645999
50.5956239
5.077422701
6.7670768
68.992862
3.3875079
3.340456899
3.3660961
3.406834301
3.358185799
3.3254955
1684.795372399
1685.0493652
1686.431121299
1683.1214605
1689.533089701
1695.418948999
1702.1263267
1841.984402201
2320.936543601
