-7.843344151328419e9
1.4074820383663613e8
2.3336678940738717e8
-1.1321353114460655e10
5.833412429098858e7
-5.979601565941721e9
-1.0433656431464094e10
1.489496852199224e8
-5.396373599014746e9
-1.4163033469976135e10
-3.377457232429699e9
-2.191102309909171e9
-4.9808677281376675e7
-1.7429231606086526e9
4.9588938879679835e8
2.681858029933717e8
4.9441827715687937e8
-9.437597824248688e9
-1.332889974446239e10
2.4618817254954714e8
-9.263497425971214e9
-1.2169591916020252e10
1.5290571401725256e8
-7.937238883359194e9
-8.483514046868891e9
-2.746798441093053e7
5.621642029430662e7
-3.4384214577323217e9
3.1634005279364705e7
-1.0400189501650485e9
4.668906704869122e8
-8.215244234170294e9
-8.400466720801269e9
-1.0941175590566057e10
-2.8526670198298807e9
-1.287294950446037e8
1.6129704480741015e8
-4.573312504831572e9
-5.422767152849604e9
-8.891964882270615e9
-9.48679335000143e9
3.0168353493390903e7
-6.591748220930806e9
-6.843326685854502e8
-1.017746165924316e10
-1.0855499290398172e10
1.7381990961045215e8
9.41237190742515e7
1.2481714429224774e8
-1.185964253179254e10
-9.107357732453459e9
-1.1917589950003498e10
2.3144167808319885e8
1.8950133767101043e8
-1.0205132439988295e10
-7.2717009889845295e9
-9.717282853655853e9
-5.741471021820543e8
-4.517797868300986e9
-2.543949325223757e8
-1.7388332892199048e8
-1.1831125689293915e8
-6.607498034875326e9
-4.523811207116252e9
-4.454570369499521e8
-1.3527286354489597e10
-1.1864840831294876e10
-1.0640995850873056e10
7.44250330874513e7
-6.638329030837261e9
-7.926879937733286e9
-7.701429978125692e9
-9.456635951320484e9
-8.634946169061104e9
1.540237984728284e8
6.498157012151971e8
-1.2410298909119085e10
-1.3691745673652927e10
1.663542885906976e8
-7.254503902929049e8
-2.883860473932292e9
1.154562904175176e8
-7.498342103142823e8
-2.1301217700756633e9
1.9648174900453776e8
-1.0434186332582003e10
-6.915184563823241e9
-6.910559149442429e9
-1.268489765379957e10
-4.0124346834881753e6
-5.773937325757137e7
-2.4223748918781653e7
2.8851142977335423e8
-8.257543932221975e9
-1.6488499478286247e9
-8.195282868292299e9
-2.8131321092414613e9
-1.756386800375194e9
-3.868078799645114e9
-4.1422497284645405e9
-3.2892502884932904e9
-4.1545367086534524e9
-3.731041827350665e9
-3.8976727257705126e9
-1.4838002969431615e9
-2.3471412110999427e9
4.857829063024941e7
-8.603460215278116e9
-1.216155897940014e10
-6.322069106975029e9
4.372155218873559e8
1.9494193305899787e8
-3.2610438386032405e9
1.6540381055897698e8
1.4627203027554464e8
-6.696265785873703e9
8.797398350775246e7
-7.350024531620561e9
-8.291308940470181e9
-1.1696372427476316e10
6.778220761772639e7
-9.065932625522417e9
-8.70067355715247e9
-8.7459202467742e9
-1.993105326626861e9
-1.8751753867648765e8
-1.6215505113804218e8
-1.3430846002781551e10
1.5505008469838792e8
9.155525798718336e7
9.665610809010604e7
1.8128142733181262e8
-1.0894359105913141e10
-1.1564787907326344e10
-3.2212467881875887e9
-7.596957694612936e9
-5.561600058223149e7
-8.732680885759054e9
-1.0517707986928541e10
-7.885240830428687e9
-3.5670648357033763e9
