2.9217357375698895e9
4.803361095886005e8
8.164161716692063e8
3.9328308910832415e9
7.36213608465376e8
3.7373965005943108e9
3.8519105509475923e9
7.730134181692915e8
3.372695978862574e9
4.583060029009084e9
9.673469843813772e8
1.1074108319417262e9
1.0494899064001325e9
1.277066022879005e9
1.082351227345658e9
6.098875608053981e8
1.2508036176203218e9
4.710413566195021e9
4.0090141327427683e9
1.076215153177174e9
6.247403187584094e9
4.75403872066995e9
5.791844421384835e8
3.2294773162005153e9
2.532085786237514e9
6.324753326830733e8
8.448575323794942e8
9.629590506287158e8
7.016394332076445e8
6.178396086501198e8
1.1526412727884908e9
1.5028183203491075e9
4.760198322918583e9
4.315761203444665e9
8.850220769457045e8
5.3304941310128164e8
6.693631906091421e8
2.1994490919260488e9
2.5004558934347043e9
3.3427415757395306e9
3.229207681193699e9
6.25396673251931e8
3.3653489196989756e9
1.8001479832388706e9
3.909556081914032e9
3.7186225354779997e9
5.46782043536464e8
6.4532135984448e8
9.442015733409634e8
5.681767554405594e9
3.8715338862304587e9
4.018614737413514e9
5.322824235204692e8
9.451057562435195e8
4.67414278151775e9
4.005348153386482e9
3.6874763486911416e9
6.69413054344371e8
1.096315129707959e9
8.186361285013605e8
8.505896755879309e8
1.0011715933841727e9
1.724942516509692e9
1.5564732395921664e9
1.1266682109821937e9
6.250710274787404e9
5.770472829703558e9
3.868674753894087e9
1.0039259696901344e9
4.151875090050824e9
3.771781234785046e9
3.2042048073751016e9
3.1257031090837774e9
3.098270967137828e9
8.280860119596972e8
1.2272273431081097e9
6.665352797659937e9
5.334956270520344e9
4.7949517001647615e8
9.812856799246767e8
1.2175434933302314e9
7.042018794469748e8
1.0239057988400512e9
1.149802090213118e9
9.933843740270603e8
3.6161957022657523e9
2.806791838677978e9
2.6068258035599246e9
3.306856888702756e9
5.758204055849807e8
7.43229133539618e8
7.85061081847837e8
8.945006920866344e8
3.8785568553230686e9
8.100559862686328e8
3.65180695784025e9
8.659850136573751e8
7.380401079332894e8
9.977204515932058e8
1.040748496290479e9
9.2460947019049e8
1.036154841974694e9
9.901480009607267e8
1.0107820153903162e9
7.575376684338722e8
8.659162719076811e8
5.797037265970042e8
3.9679272599498444e9
5.261108761349083e9
2.464769827796721e9
1.0975571614441364e9
6.310037663647044e8
1.4327170765283093e9
1.1451591653730595e9
9.29511438225613e8
5.341427252706945e9
8.088527622969933e8
2.4809390875555134e9
2.9322067973330374e9
4.830823065455322e9
8.215820423020871e8
4.627665542576048e9
4.168259560800892e9
3.7129166809139414e9
8.975937828893808e8
9.090273632466499e8
9.555599490955455e8
5.062093140577092e9
7.688495783825471e8
9.040829290149932e8
6.356997076195035e8
7.011587558100252e8
5.35951978295426e9
5.000723441176681e9
1.230704427019418e9
3.079640355258833e9
6.998068461369085e8
3.7123927667858133e9
4.518148061786665e9
3.6384050981514883e9
9.592927079489232e8
